rows: 3
cols: 3
cam_matrix: [1.53329654e+03, 0.00000000e+00, 9.24480054e+02, 0.00000000e+00, 1.54266453e+03, 5.52042878e+02, 0.00000000e+00, 0.00000000e+00, 1.00000000e+00]

distortion: [0.24276743, -0.62353805,  0.00335907, -0.00414666,  0.57915747]

total_error: 0.030044956649324404